75 3
0 0 0
1 0 0
2 0 0
0 2 0
1 2 0
2 2 0
0 4 0
1 4 0
2 4 0
0 6 0
1 6 0
2 6 0
0 8 0
1 8 0
2 8 0
0 0 1
1 0 1
2 0 1
0 2 1
1 2 1
2 2 1
0 4 1
1 4 1
2 4 1
0 6 1
1 6 1
2 6 1
0 8 1
1 8 1
2 8 1
0 0 2
1 0 2
2 0 2
0 2 2
1 2 2
2 2 2
0 4 2
1 4 2
2 4 2
0 6 2
1 6 2
2 6 2
0 8 2
1 8 2
2 8 2
0 0 3
1 0 3
2 0 3
0 2 3
1 2 3
2 2 3
0 4 3
1 4 3
2 4 3
0 6 3
1 6 3
2 6 3
0 8 3
1 8 3
2 8 3
0 0 4
1 0 4
2 0 4
0 2 4
1 2 4
2 2 4
0 4 4
1 4 4
2 4 4
0 6 4
1 6 4
2 6 4
0 8 4
1 8 4
2 8 4

160 4
0 1 2 5 17
0 1 4 5 19
0 1 16 17 19
0 5 17 19 20
0 1 5 17 19
0 16 17 19 31
0 17 19 20 35
0 17 31 32 35
0 19 31 34 35
0 17 19 31 35
0 31 32 35 47
0 31 34 35 49
0 31 46 47 49
0 35 47 49 50
0 31 35 47 49
0 46 47 49 61
0 47 49 50 65
0 47 61 62 65
0 49 61 64 65
0 47 49 61 65
0 4 5 7 19
0 5 7 8 23
0 5 19 20 23
0 7 19 22 23
0 5 7 19 23
0 19 20 23 35
0 19 22 23 37
0 19 34 35 37
0 23 35 37 38
0 19 23 35 37
0 34 35 37 49
0 35 37 38 53
0 35 49 50 53
0 37 49 52 53
0 35 37 49 53
0 49 50 53 65
0 49 52 53 67
0 49 64 65 67
0 53 65 67 68
0 49 53 65 67
0 7 8 11 23
0 7 10 11 25
0 7 22 23 25
0 11 23 25 26
0 7 11 23 25
0 22 23 25 37
0 23 25 26 41
0 23 37 38 41
0 25 37 40 41
0 23 25 37 41
0 37 38 41 53
0 37 40 41 55
0 37 52 53 55
0 41 53 55 56
0 37 41 53 55
0 52 53 55 67
0 53 55 56 71
0 53 67 68 71
0 55 67 70 71
0 53 55 67 71
0 10 11 13 25
0 11 13 14 29
0 11 25 26 29
0 13 25 28 29
0 11 13 25 29
0 25 26 29 41
0 25 28 29 43
0 25 40 41 43
0 29 41 43 44
0 25 29 41 43
0 40 41 43 55
0 41 43 44 59
0 41 55 56 59
0 43 55 58 59
0 41 43 55 59
0 55 56 59 71
0 55 58 59 73
0 55 70 71 73
0 59 71 73 74
0 55 59 71 73
0 2 3 5 17
0 3 5 6 21
0 3 17 18 21
0 5 17 20 21
0 3 5 17 21
0 17 18 21 33
0 17 20 21 35
0 17 32 33 35
0 21 33 35 36
0 17 21 33 35
0 32 33 35 47
0 33 35 36 51
0 33 47 48 51
0 35 47 50 51
0 33 35 47 51
0 47 48 51 63
0 47 50 51 65
0 47 62 63 65
0 51 63 65 66
0 47 51 63 65
0 5 6 9 21
0 5 8 9 23
0 5 20 21 23
0 9 21 23 24
0 5 9 21 23
0 20 21 23 35
0 21 23 24 39
0 21 35 36 39
0 23 35 38 39
0 21 23 35 39
0 35 36 39 51
0 35 38 39 53
0 35 50 51 53
0 39 51 53 54
0 35 39 51 53
0 50 51 53 65
0 51 53 54 69
0 51 65 66 69
0 53 65 68 69
0 51 53 65 69
0 8 9 11 23
0 9 11 12 27
0 9 23 24 27
0 11 23 26 27
0 9 11 23 27
0 23 24 27 39
0 23 26 27 41
0 23 38 39 41
0 27 39 41 42
0 23 27 39 41
0 38 39 41 53
0 39 41 42 57
0 39 53 54 57
0 41 53 56 57
0 39 41 53 57
0 53 54 57 69
0 53 56 57 71
0 53 68 69 71
0 57 69 71 72
0 53 57 69 71
0 11 12 15 27
0 11 14 15 29
0 11 26 27 29
0 15 27 29 30
0 11 15 27 29
0 26 27 29 41
0 27 29 30 45
0 27 41 42 45
0 29 41 44 45
0 27 29 41 45
0 41 42 45 57
0 41 44 45 59
0 41 56 57 59
0 45 57 59 60
0 41 45 57 59
0 56 57 59 71
0 57 59 60 75
0 57 71 72 75
0 59 71 74 75
0 57 59 71 75

